254233696
254233981
254233982
254234480
254249819
254249820
254249816
254249817
254259815
254226364
254233776
254234381
254234382
254234383
254234418
254233930
254240393
254259817
254259818
254259819
254259820
254259830
254259831
254259826
254259827
254240396
254240397
254240385
254254172
254254173
254233931
254234218
254234219
254234230
254234432
254234257
254234279
254234280
254234392
254234393
254234384
254234385
254234386
254234387
254234388
254259723
254249818
254249815
254259816
254259821
254235573
254249821
254259822
254233850
254233857
254233965
254233971
254233978
254233979
254234232
254234233
254229448
254234206
254234389
254234390
254234391
254234481
254259823
254259824
254259825
254259828
254259829
254250908
254254011
254254200
254235806
254241484
254246257
254249461