	201304	01	9
201304	08	4
	201304	11	28
201304	12	3
	201304	19	25
	
	1 11 19

	201311	01	7
201311	02	4
	201311	04	12
201311	05	4
	201311	11	42
201311	18	5
	201311	19	76
	
	1 4 11 19

	201312	01	30
	201312	02	31
	201312	03	23
	201312	04	65
201312	05	6
	201312	08	60
201312	09	7
201312	10	7
	201312	11	53
201312	12	7
201312	14	7
201312	15	3
	201312	17	52
201312	18	3
	201312	19	88
	
	1 2 3 4 8 11 17 19

	201401	02	13
	201401	03	15
201401	04	5
	201401	08	18
201401	09	3
201401	10	8
	201401	11	18
201401	13	5
	201401	17	9
	201401	19	38
	
	2 3 8 11 17 19

	201403	01	49
	201403	02	18
201403	03	5
	201403	04	25
201403	05	9
201403	08	5
	201403	09	17
	201403	10	18
	201403	11	210
	201403	12	15
	201403	13	12
	201403	14	12
201403	16	3
	201403	17	14
	201403	18	22
	201403	19	120
	
	1 2 4 9 10-14 17-19    
	
	
	结果：1 2 4 11 17 19